011111110100010101001100010001100000000100000001000000010000000000000000
000000000000000000000000000000000000000000000000000000000000001100000000
000000110000000000000001000000000000000000000000001000000000010000000000
000000000011010000000000000000000000000001000100000110000000000000000000
000000000000000000000000000000000011010000000000001000000000000000001001
000000000010100000000000000111110000000000011110000000000000011000000000
000000000000000000110100000000000000000000000000001101000000000000000000
000000000011010000000000000000000000000000100000000000010000000000000000
001000000000000100000000000000000000010100000000000000000000000000000100
000000000000000000000000000000110000000000000000000000000101010000000001
000000000000000001010100000000010000000000000000010101000000000100000000
000000000001001100000000000000000000000000010011000000000000000000000000
000001000000000000000000000000000000000100000000000000000000000000000001
000000000000000000000000000000000000000000000000000000000000000000000000
000000000000000000000000000000000000000000000000101100000000011100000000
000000001011000000000111000000000000000000000101000000000000000000000000
000000000001000000000000000000000000000100000000000000000000000011101100
000011100000000000000000111011000001111000000000000000001110110000011110
000000000000000000110000000000010000000000000000001101000000000100000000
000000000000011000000000000000000000000000000000000100000000000000000000
000000100000000000000000000000001111100000001110000000000000000011111000
000111100000000000000000111110000001111000000000000000001111000000000000
000000000000000011110000000000000000000000000000000001100000000000000000
000000000000010000000000000000000000000000000100000000000000000000000000
011010000000000100000000000000000110100000000001000000000000000001101000
000000010000000000000000010001000000000000000000000000000100010000000000
000000000000000000000100000000000000000000000000000001000000000000000000
000000000101000011100101011101000110010001111000000001100000000000000000
011110000000011000000000000000000111100000000110000000000000000000111100
000000000000000000000000001111000000000000000000000000000000010000000000
000000000000000000000100000000000000000000000000010100011110010101110100
011001000000000000000000000000000000000000000000000000000000000000000000
000000000000000000000000000000000000000000000000000000000000000000000000
000000000000000000000000000001100000000000000000000000000001000000000000
000000000000000001010010111001010111010001100100111011000000111000000000
000000001110110000011110000000000000000011101100000111100000000000000000
000101000000000100000000000000000001010000000001000000000000000000000100
000000000000000000000000000000010000000000000000000000000010111101101100
011010010110001000101111011011000110010000101101011011000110100101101110
011101010111100000101110011100110110111100101110001100100000000000000000
000001000000000000000000000000000001000000000000000000000000000000000001
000000000000000000000000010001110100111001010101000000000000000000000000
000000000000000000000010000000000000000000000000000001100000000000000000
000000000010000000000000000000000000000000000100000000000000000000000000
000101000000000000000000000000000000001100000000000000000000000001000111
010011100101010100000000011100101001111011101110110001111010011101101111
100100001100010001010000010110011100111001000001100111101010111111010010
101101010100100111000110001111101011000100000010000000000000000000000000
000010000000000000000000000000000000000100000000000000000000000000000101
000000000000000000000000000000000010010000000000001010000000100000000000
000000000000000000001001000000000000000000000000011010110111111110011010
011111001010110101001011111000111100000000000000000000000000000000000000
000000000000000000000000000000000000000000000000000000000000000000000000
000000000000000000000000010000000000000000000000000000000000000000000000
000000000000000000000000000000000000000000000000001000000000000000000000
000000000001111100000000000000000000000000000000000000000000000000000000
000000000000000000000000000000000010001000000000000000000000000000011010
000000000000000000000000000000000000000000000000000000000000000000000000
000000000000000000010010000000000000000000000000010111000000000000000000
000000000000000000000000000000000000000000000000000000000000000000000000
001000000000000000000000000000000010111000000000000000000000000000000000
000000000000000000000000000000000000000000000000000000000001001000000000
000000000000000001101011000000000000000000000000000000000000000000000000
000000000000000000000000000000000000000000100000000000000000000000000000
011111110000000000000000000000000000000000000000000000000000000000000000
000000000000000000000000001000000000000000000000000000000011101100000000
000000000000000010010000000001010000000000000000001111000000000000000000
000000000001001000000000000011100000000000001011000000000000000000000000
010011000000011000000000000000000000010000000000000000000000000000010001
000000000001000000000000000000000110110001101001011000100110001100101110
011100110110111100101110001101100000000001011111010010010100111101011111
011100110111010001100100011010010110111001011111011101010111001101100101
011001000000000001110000011101010111010001110011000000000101111101011111
011000110111100001100001010111110110011001101001011011100110000101101100
011010010111101001100101000000000101111101011111011011000110100101100010
011000110101111101110011011101000110000101110010011101000101111101101101
011000010110100101101110000000000101111101001001010101000100110101011111
011001000110010101110010011001010110011101101001011100110111010001100101
011100100101010001001101010000110110110001101111011011100110010101010100
011000010110001001101100011001010000000001011111010111110110011101101101
011011110110111001011111011100110111010001100001011100100111010001011111
010111110000000001011111010010100111011001011111010100100110010101100111
011010010111001101110100011001010111001001000011011011000110000101110011
011100110110010101110011000000000101111101001001010101000100110101011111
011100100110010101100111011010010111001101110100011001010111001001010100
010011010100001101101100011011110110111001100101010101000110000101100010
011011000110010100000000010001110100110001001001010000100100001101011111
001100100010111000110000000000000100011101001100010010010100001001000011
010111110011001000101110001100010010111000110011000000000000000000000000
000000000000000000000000000000100000000000000011000000000000000000000000
000000110000000000000000000000000000000000000000000000010000000000000001
000000000000000100000000000000100000000000000001000000000000000000000000
000100000000000000000000000000000000000000000000000000000000000000010000
011010010110100100001101000000000000000000000011000000001001100100000000
000000000000000000010000000000000000000000000000011100110001111101101001
000010010000000000000000000000100000000010100011000000000000000000000000
000000000000000000000000000000001110110000011110000000000000000000001000
000000000000000000000000111100000001111000000000000000000000100000000000
000000000000000011110100000111110000000000000000000010000000000000000000
000000000001100000100000000000000000000000001000000000000000000000000000
111010000001111100000000000000000000011000000001000000000000000011101100
000111110000000000000000000001100000001000000000000000001111000000011111
000000000000000000000110000001000000000000000000111110000001111100000000
000000000000011000000110000000000000000011111100000111110000000000000000
000001100000011100000000000000000000110000100000000000000000000000000111
000000110000000000000000000100000010000000000000000000000000011100000101
000000000000000001010011100000111110110000001000111010001001101100000000
000000000000000010000001110000110011101100011100000000000000000010001011
100000111111000011111111111111111111111110000101110000000111010000000101
111010000011111000000000000000000000000010000011110001000000100001011011
110000110000000011111111101100110000010000000000000000000000000011111111
101000110000100000000000000000000000000000000000000000000000000000000000
111111111010001100001100000000000000000000000000011010000000000000000000
000000000000000011101001111000001111111111111111111111111111111110100011
000100000000000000000000000000000110100000001000000000000000000000000000
111010011101000011111111111111111111111111111111101000111110110011111111
111111111111111101100110100100001111111110100011111100001111111111111111
111111110110011010010000001100011110110101011110100010011110000110000011
111001001111000001010000010101000101001011101000001000100000000000000000
000000001000000111000011110100000001101100000000000000001000110110000011
001100001110011011111111111111110101000010001101100000111101000011100101
111111111111111101010000010100010101011011111111101100111111010011111111
111111111111111111101000101011111111111111111111111111111111010010001011
000111000010010011000011011001101001000001100110100100000110011010010000
011001101001000001100110100100001000101100011100001001001100001101100110
100100000110011010010000011001101001000001100110100100000110011010010000
011001101001000011101000000101110000000100000000000000001000000111000010
100010110001101100000000000000001000110110001010000111000000000000000000
000000001000110110000010000111110000000000000000000000000010100111001000
100000111111100000000110011101100001011110001011100000101110100011111111
111111111111111110000101110000000111010000001101010101011000100111100101
100000111110110000010100010100011111111111010000100000111100010000010000
110010011111001111000011100010011111011010001101101111000010011100000000
000000000000000000000000111010001101011100000000000000000000000010000001
110000100100101100011011000000000000000001010101100011011000101000011100
000000000000000000000000100011011000001000011100000000000000000000000000
100010011110010101010011001010011100100011000001111110000000001010000011
111011000000010010001001110000111100000111101011000111110000000111011000
110100011111100001110100000101001000101110010010111111001111111111111111
111111111000010111010010011101000000101010000011111011000000100001010000
010100011111111111010010100000111100010000010000100010110101110111111100
110010011100001110001001111101101000110110111100001001110000000000000000
000000000000000001010101100010011110010101010011111010000101011111111111
111111111111111110000001110000111111011100011010000000000000000010000011
111011000000010010000000101110110001110000000000000000000000000000000000
011101010010011110001011100000111110110011111111111111111111111110000101
110000000111010000010001100000111110110000001100111111111011001100011000
000000000000000000000000111010001101110111111110111111111111111110000011
110001000001000011101000001101011111111111111111111111111100011010000011
000111000000000000000000000000000000000110001011010111011111110011001001
110000111000100111110110100011011011110000100111000000000000000000000000
000000001110100000110111000000000000000000000000100000011100001010101011
000110100000000000000000100011011000001011110100111111101111111111111111
100010110000100010000101110010010111010100001001111010010100010011111111
111111111111111110001101011101000010011000000000100010111001001011111000
111111111111111111111111100001011101001001110100111011010101010110001001
111001011000001111101100000101000101000011111111110100101000001111000100
000100001100100111101001001001001111111111111111111111111000101100010100
001001001100001110001101010011000010010000000100100000111110010011110000
111111110111000111111100010101011000100111100101010100110101000111101000
001010000000000000000000000000000000010101011100000110100000000000000000
100000111110110000001100100011011001000001010000111001101111111111111111
010100101000100111000011111010000011011011111110111111111111111110000011
110001000001000010111000000000000000000000000000000000001000110101100101
111110000101100101011011010111011000110101100001111111001100001110001011
000001000010010011000011010101010101011101010110010100111110100010000111
111111101111111111111111100000011100001100100111000110100000000000000000
100000111110110000001100100010110110110000100100001000001000110110110011
111100001111111011111111111111111110100011001011111111011111111111111111
100011011000001111101100111111101111111111111111001010011100011011000001
111111100000001010000101111101100111010000100101001100011111111110001101
101101100000000000000000000000000000000010000011111011000000010011111111
011101000010010000101100111111110111010000100100001011000101010111111111
100101001011101111101100111111101111111111111111100000111100011100000001
100000111100010000010000001110011111111001110101111000111000001111000100
000011000101101101011110010111110101110111000011100011010111011000000000
111100111100001100000000000000000101001110000011111011000000100011101000
001000111111111011111111111111111000000111000011110000110001100100000000
000000001000001111000100000010000101101111000011000000110000000000000000
000000000000000100000000000000100000000001001111010101110100000101010011
010100000100001101010100010001100111101100110001010101000101001101011111
010000010100110001001100010111110100101001010101010100110101010001011111
001100000100111000110011010100110101111101000001010011100100010001011111
010110100011001101010010001100000101001101111101000000000000000000000000
000000010001101100000011001110110011100000000000000000000000000000000110
000000000000000000000000011010001111110111111111111111110101010000000000
000000000000000010011000111111011111111111111111011110000000000000000000
000000000001100011111111111111111111111110001100000000000000000000000000
010101001111111111111111111111111100000000000000000000000000000001011000
111111111111111111111111110101000000000000000000000000001011100011111111
111111111111111100100000000000010000000000000000000101000000000000000000
000000000000000000000000000000000000000000000001011110100101001000000000
000000010111110000001000000000010001101100001100000001000000010010001000
000000010000000000000000001000000000000000000000000000000001110000000000
000000000000000000001100111111011111111111111111001100000000000000000000
000000000000000000001110000010000100011000001110000011000100101000001111
000010110111010000000100011110000000000000111111000110100011101100101010
001100100010010000100010000100000000000000000000000000000100000000000000
000000000000000000011000111111011111111111111111000100000000000000000000
000000000000000000000000000000000000000000110000000000000000000000000000
010101000000000000000000000000001000010011111110111111111111111100111100
000000000000000000000000000000000100010000001100000000010000000001000111
000100000000010100000010011101010000000001000100000011110000001101110101
011110000000011000010000000000110000001001110101011111000110011111000001
000011000000000100000000010000011100001101000001110001010100001100001100
000001000000010000000000000100000000000000000000000000001000100000000000
000000000000000010001100111111101111111111111111000001000000000000000000
000000000000000000000000000000000000000001001000000000000000000000000000
100111000000000000000000000000000111110011111110111111111111111101011101
000000000000000000000000000000000100000100001110000010001000010100000010
010000010000111000001100100001110000001101000001000011100001000010000110
000001000100000100001110000101001000001100000101010011100000111000100000
011010010000111000100100010001000000111000101000010001000000111000101100
010000010000111000110000010011010000111000100000010001110000111000010100
010000011100001100001110000100000100000111000110000011100000110001000001
110001110000111000001000010000011100010100001110000001000000000000000000
000100000000000000000000000000001110100000000000000000000000000010010000
111111101111111111111111000000100000000000000000000000000000000000000000
000000000000000000000000000000000000000000000000000000000000000000000000
000000000000000000000000000000000000000000000000000000000000000000000000
000000000000000000000000000000000000000000000000000000000000000000000000
000000000000000000000000000000000000000000000000000000000000000000000000
000000000000000000000000000000000000000000000000000000000000000000000000
000000000000000000000000000000000000000000000000000000000000000000000000
000000000000000000000000000000000000000000000000000000000000000000000000
000000000000000000000000000000000000000000000000000000000000000000000000
000000000000000000000000000000000000000000000000000000000000000000000000
000000000000000000000000000000000000000000000000000000000000000000000000
000000000000000000000000000000000000000000000000000000000000000000000000
000000000000000000000000000000000000000000000000000000000000000000000000
000000000000000000000000000000000000000000000000000000000000000000000000
000000000000000000000000000000000000000000000000000000000000000000000000
000000000000000000000000000000000000000000000000000000000000000000000000
000000000000000000000000000000000000000000000000000000000000000000000000
000000000000000000000000000000000000000000000000000000000000000000000000
000000000000000000000000000000000000000000000000000000000000000000000000
000000000000000000000000000000000000000000000000000000000000000000000000
000000000000000000000000000000000000000000000000000000000000000000000000
000000000000000000000000000000000000000000000000000000000000000000000000
000000000000000000000000000000000000000000000000000000000000000000000000
000000000000000000000000000000000000000000000000000000000000000000000000
000000000000000000000000000000000000000000000000000000000000000000000000
000000000000000000000000000000000000000000000000000000000000000000000000
000000000000000000000000000000000000000000000000000000000000000000000000
000000000000000000000000000000000000000000000000000000000000000000000000
000000000000000000000000000000000000000000000000000000000000000000000000
000000000000000000000000000000000000000000000000000000000000000000000000
000000000000000000000000000000000000000000000000000000000000000000000000
000000000000000000000000000000000000000000000000000000000000000000000000
000000000000000000000000000000000000000000000000000000000000000000000000
000000000000000000000000000000000000000000000000000000000000000000000000
000000000000000000000000000000000000000000000000000000000000000000000000
000000000000000000000000000000000000000000000000000000000000000000000000
000000000000000000000000000000000000000000000000000000000000000000000000
000000000000000000000000000000000000000000000000000000000000000000000000
000000000000000000000000000000000000000000000000000000000000000000000000
000000000000000000000000000000000000000000000000000000000000000000000000
000000000000000000000000000000000000000000000000000000000000000000000000
000000000000000000000000000000000000000000000000000000000000000000000000
000000000000000000000000000000000000000000000000000000000000000000000000
000000000000000000000000000000000000000000000000000000000000000000000000
000000000000000000000000000000000000000000000000000000000000000000000000
000000000000000000000000000000000000000000000000000000000000000000000000
000000000000000000000000000000000000000000000000000000000000000000000000
000000000000000000000000000000000000000000000000000000000000000000000000
000000000000000000000000000000000000000000000000000000000000000000000000
000000000000000000000000000000000000000000000000000000000000000000000000
000000000000000000000000000000000000000000000000000000000000000000000000
000000000000000000000000000000000000000000000000000000000000000000000000
000000000000000000000000000000000000000000000000000000000000000000000000
000000000000000000000000000000000000000000000000000000000000000000000000
000000000000000000000000000000000000000000000000000000000000000000000000
000000000000000000000000000000000000000000000000000000000000000000000000
000000000000000000000000000000000000000000000000000000000000000000000000
000000000000000000000000000000000000000000000000000000000000000000000000
000000000000000000000000000000000000000000000000000000000000000000000000
000000000000000000000000000000000000000000000000000000000000000000000000
000000000000000000000000000000000000000000000000000000000000000000000000
000000000000000000000000000000000000000000000000000000000000000000000000
000000000000000000000000000000000000000000000000000000000000000000000000
000000000000000000000000000000000000000000000000000000000000000000000000
000000000000000000000000000000000000000000000000000000000000000000000000
000000000000000000000000000000000000000000000000000000000000000000000000
000000000000000000000000000000000000000000000000000000000000000000000000
000000000000000000000000000000000000000000000000000000000000000000000000
000000000000000000000000000000000000000000000000000000000000000000000000
000000000000000000000000000000000000000000000000000000000000000000000000
000000000000000000000000000000000000000000000000000000000000000000000000
000000000000000000000000000000000000000000000000000000000000000000000000
000000000000000000000000000000000000000000000000000000000000000000000000
000000000000000000000000000000000000000000000000000000000000000000000000
000000000000000000000000000000000000000000000000000000000000000000000000
000000000000000000000000000000000000000000000000000000000000000000000000
000000000000000000000000000000000000000000000000000000000000000000000000
000000000000000000000000000000000000000000000000000000000000000000000000
000000000000000000000000000000000000000000000000000000000000000000000000
000000000000000000000000000000000000000000000000000000000000000000000000
000000000000000000000000000000000000000000000000000000000000000000000000
000000000000000000000000000000000000000000000000000000000000000000000000
000000000000000000000000000000000000000000000000000000000000000000000000
000000000000000000000000000000000000000000000000000000000000000000000000
000000000000000000000000000000000000000000000000000000000000000000000000
000000000000000000000000000000000000000000000000000000000000000000000000
000000000000000000000000000000000000000000000000000000000000000000000000
000000000000000000000000000000000000000000000000000000000000000000000000
000000000000000000000000000000000000000000000000000000000000000000000000
000000000000000000000000000000000000000000000000000000000000000000000000
000000000000000000000000000000000000000000000000000000000000000000000000
000000000000000000000000000000000000000000000000000000000000000000000000
000000000000000000000000000000000000000000000000000000000000000000000000
000000000000000000000000000000000000000000000000000000000000000000000000
000000000000000000000000000000000000000000000000000000000000000000000000
000000000000000000000000000000000000000000000000000000000000000000000000
000000000000000000000000000000000000000000000000000000000000000000000000
000000000000000000000000000000000000000000000000000000000000000000000000
000000000000000000000000000000000000000000000000000000000000000000000000
000000000000000000000000000000000000000000000000000000000000000000000000
000000000000000000000000000000000000000000000000000000000000000000000000
000000000000000000000000000000000000000000000000000000000000000000000000
000000000000000000000000000000000000000000000000000000000000000000000000
000000000000000000000000000000000000000000000000000000000000000000000000
000000000000000000000000000000000000000000000000000000000000000000000000
000000000000000000000000000000000000000000000000000000000000000000000000
000000000000000000000000000000000000000000000000000000000000000000000000
000000000000000000000000000000000000000000000000000000000000000000000000
000000000000000000000000000000000000000000000000000000000000000000000000
000000000000000000000000000000000000000000000000000000000000000000000000
000000000000000000000000000000000000000000000000000000000000000000000000
000000000000000000000000000000000000000000000000000000000000000000000000
000000000000000000000000000000000000000000000000000000000000000000000000
000000000000000000000000000000000000000000000000000000000000000000000000
000000000000000000000000000000000000000000000000000000000000000000000000
000000000000000000000000000000000000000000000000000000000000000000000000
000000000000000000000000000000000000000000000000000000000000000000000000
000000000000000000000000000000000000000000000000000000000000000000000000
000000000000000000000000000000000000000000000000000000000000000000000000
000000000000000000000000000000000000000000000000000000000000000000000000
000000000000000000000000000000000000000000000000000000000000000000000000
000000000000000000000000000000000000000000000000000000000000000000000000
000000000000000000000000000000000000000000000000000000000000000000000000
000000000000000000000000000000000000000000000000000000000000000000000000
000000000000000000000000000000000000000000000000000000000000000000000000
000000000000000000000000000000000000000000000000000000000000000000000000
000000000000000000000000000000000000000000000000000000000000000000000000
000000000000000000000000000000000000000000000000000000000000000000000000
000000000000000000000000000000000000000000000000000000000000000000000000
000000000000000000000000000000000000000000000000000000000000000000000000
000000000000000000000000000000000000000000000000000000000000000000000000
000000000000000000000000000000000000000000000000000000000000000000000000
000000000000000000000000000000000000000000000000000000000000000000000000
000000000000000000000000000000000000000000000000000000000000000000000000
000000000000000000000000000000000000000000000000000000000000000000000000
000000000000000000000000000000000000000000000000000000000000000000000000
000000000000000000000000000000000000000000000000000000000000000000000000
000000000000000000000000000000000000000000000000000000000000000000000000
000000000000000000000000000000000000000000000000000000000000000000000000
000000000000000000000000000000000000000000000000000000000000000000000000
000000000000000000000000000000000000000000000000000000000000000000000000
000000000000000000000000000000000000000000000000000000000000000000000000
000000000000000000000000000000000000000000000000000000000000000000000000
000000000000000000000000000000000000000000000000000000000000000000000000
000000000000000000000000000000000000000000000000000000000000000000000000
000000000000000000000000000000000000000000000000000000000000000000000000
000000000000000000000000000000000000000000000000000000000000000000000000
000000000000000000000000000000000000000000000000000000000000000000000000
000000000000000000000000000000000000000000000000000000000000000000000000
000000000000000000000000000000000000000000000000000000000000000000000000
000000000000000000000000000000000000000000000000000000000000000000000000
000000000000000000000000000000000000000000000000000000000000000000000000
000000000000000000000000000000000000000000000000000000000000000000000000
000000000000000000000000000000000000000000000000000000000000000000000000
000000000000000000000000000000000000000000000000000000000000000000000000
000000000000000000000000000000000000000000000000000000000000000000000000
000000000000000000000000000000000000000000000000000000000000000000000000
000000000000000000000000000000000000000000000000000000000000000000000000
000000000000000000000000000000000000000000000000000000000000000000000000
000000000000000000000000000000000000000000000000000000000000000000000000
000000000000000000000000000000000000000000000000000000000000000000000000
000000000000000000000000000000000000000000000000000000000000000000000000
000000000000000000000000000000000000000000000000000000000000000000000000
000000000000000000000000000000000000000000000000000000000000000000000000
000000000000000000000000000000000000000000000000000000000000000000000000
000000000000000000000000000000000000000000000000000000000000000000000000
000000000000000000000000000000000000000000000000000000000000000000000000
000000000000000000000000000000000000000000000000000000000000000000000000
000000000000000000000000000000000000000000000000000000000000000000000000
000000000000000000000000000000000000000000000000000000000000000000000000
000000000000000000000000000000000000000000000000000000000000000000000000
000000000000000000000000000000000000000000000000000000000000000000000000
000000000000000000000000000000000000000000000000000000000000000000000000
000000000000000000000000000000000000000000000000000000000000000000000000
000000000000000000000000000000000000000000000000000000000000000000000000
000000000000000000000000000000000000000000000000000000000000000000000000
000000000000000000000000000000000000000000000000000000000000000000000000
000000000000000000000000000000000000000000000000000000000000000000000000
000000000000000000000000000000000000000000000000000000000000000000000000
000000000000000000000000000000000000000000000000000000000000000000000000
000000000000000000000000000000000000000000000000000000000000000000000000
000000000000000000000000000000000000000000000000000000000000000000000000
000000000000000000000000000000000000000000000000000000000000000000000000
000000000000000000000000000000000000000000000000000000000000000000000000
000000000000000000000000000000000000000000000000000000000000000000000000
000000000000000000000000000000000000000000000000000000000000000000000000
000000000000000000000000000000000000000000000000000000000000000000000000
000000000000000000000000000000000000000000000000000000000000000000000000
000000000000000000000000000000000000000000000000000000000000000000000000
000000000000000000000000000000000000000000000000000000000000000000000000
000000000000000000000000000000000000000000000000000000000000000000000000
000000000000000000000000000000000000000000000000000000000000000000000000
000000000000000000000000000000000000000000000000000000000000000000000000
000000000000000000000000000000000000000000000000000000000000000000000000
000000000000000000000000000000000000000000000000000000000000000000000000
000000000000000000000000000000000000000000000000000000000000000000000000
000000000000000000000000000000000000000000000000000000000000000000000000
000000000000000000000000000000000000000000000000000000000000000000000000
000000000000000000000000000000000000000000000000000000000000000000000000
000000000000000000000000000000000000000000000000000000000000000000000000
000000000000000000000000000000000000000000000000000000000000000000000000
000000000000000000000000000000000000000000000000000000000000000000000000
000000000000000000000000000000000000000000000000000000000000000000000000
000000000000000000000000000000000000000000000000000000000000000000000000
000000000000000000000000000000000000000000000000000000000000000000000000
000000000000000000000000000000000000000000000000000000000000000000000000
000000000000000000000000000000000000000000000000000000000000000000000000
000000000000000000000000000000000101000000000101000000000000000000000000
000001010000000000000000000000000000000000000000000000000000000100000000
000000000000000000000001000000000000000000000000000011000000000000000000
000000001011110000000011000000000000000000001101000000000000000000000000
001101000000011000000000000000000001100100000000000000000000000011101100
000111100000000000000000000110110000000000000000000000000000010000000000
000000000000000000011010000000000000000000000000111100000001111000000000
000000000001110000000000000000000000000000000100000000000000000000000000
111101011111111011111111011011111010110000000001000000000000000000000101
000000000000000000000000011100000000001000000000000000000000011000000000
000000000000000011010000000000010000000000000000000010100000000000000000
000000001010111100000000000000000000000000001011000000000000000000000000
000100000000000000000000000000000001010100000000000000000000000000000000
000000000000000000000000000000110000000000000000000000000000000000100000
000000000000000000000010000000000000000000000000000100000000000000000000
000000000001010000000000000000000000000000010001000000000000000000000000
000101110000000000000000000000001010110000000011000000000000000000010001
000000000000000000000000011001000000001100000000000000000001001000000000
000000000000000001001000000000000000000000000000000100110000000000000000
000000000000100000000000000000000000000011111011111111111111111101101111
000000000000000000000000000010001111111011111111111111110110111100110100
000000110000000000000000111111111111111111111111011011110000000100000000
000000000000000011110000111111111111111101101111001000000000001100000000
000000001111101011111111111111110110111100000100000000000000000000000000
000000000000000000000000000000000000000000000000000000000000000000000000
000000000000000000000000000000000000000000000000000000000000000000000000
000000000000000000000000000000000000000000000000000000000000000000000000
000000000000000000000000000000000000000000000000000000000000000000000000
000000000000000000000000000000000000000000000000000000000000000000000000
000000000000000000000000000000000000000000000000000000001001000000000101
000000000000000000000000000000000000000000000000000000000000000000000000
000000001111100000011110000000000000000000000000000000000000000000000000
000000000000000000000000000000001111011000000011000000000000000000000110
000001000000000000000000000000000000000000000000000000000001100000100000
000000000000000001000111010000110100001100111010001000000010100001000100
011001010110001001101001011000010110111000100000001101100010111000110011
001011100011000000101101001100010011100000101001001000000011011000101110
001100110010111000110000001000000011001000110000001100010011011100110000
001101010011000100110110000000000000000000000000000000000000000000000000
000000000000000000000000000000000000000000000000000000000000000000000000
000000000000000000000000000000000000000000000000000000000000000001010100
000000010000000000000000000000000000000000000000000000000000001100000000
000000010000000000000000000000000000000000000000011010000000000100000000
000000000000000000000000000000000000000000000011000000000000001000000000
000000000000000000000000000000001000100000000001000000000000000000000000
000000000000000000000000000000110000000000000011000000000000000000000000
000000000000000010101100000000010000000000000000000000000000000000000000
000000000000001100000000000001000000000000000000000000000000000000000000
110100000000000100000000000000000000000000000000000000000000000000000011
000000000000010100000000000000000000000000000000000000000111000000000010
000000000000000000000000000000000000000000000000000000110000000000000110
000000000000000000000000000000000000000000100000000000110000000000000000
000000000000000000000000000000000000001100000000000001110000000000000000
000000000000000000000000001101000000001100000000000000000000000000000000
000000000000000000000011000000000000100000000000000000000000000000000000
000000000110010000000011000000000000000000000000000000000000000000000000
000000110000000000001001000000000000000000000000000000000000000010101100
000000110000000000000000000000000000000000000000000000000000001100000000
000010100000000000000000000000000000000000000000101111000000001100000000
000000000000000000000000000000000000000000000011000000000000101100000000
000000000000000000000000000000001110000000000011000000000000000000000000
000000000000000000000000000000110000000000001100000000000000000000000000
000000000000000000010000000001000000000000000000000000000000000000000000
000000000000001100000000000011010000000000000000000000000000000000000000
001000000000010000000000000000000000000000000000000000000000000000000011
000000000000111000000000000000000000000000000000000000000011010000000110
000000000000000000000000000000000000000000000000000000110000000000001111
000000000000000000000000000000000000000001001000000001100000000000000000
000000000000000000000000000000000000001100000000000100000000000000000000
000000000000000000000000011110000000011000000000000000000000000000000000
000000000000000000000011000000000001000100000000000000000000000000000000
000000001011010000000110000000000000000000000000000000000000000000000000
000000110000000000010010000000000000000000000000000000000000000011101100
000111100000000000000000000000000000000000000000000000000000001100000000
000100110000000000000000000000000000000000000000111100000001111000000000
000000000000000000000000000000000000000000000011000000000001010000000000
000000000000000000000000000000001111010000011110000000000000000000000000
000000000000000000000000000000110000000000010101000000000000000000000000
000000000000000011111000000111100000000000000000000000000000000000000000
000000000000001100000000000101100000000000000000000000000000000000000000
111010000001111100000000000000000000000000000000000000000000000000000011
000000000001011100000000000000000000000000000000000000000000000000100000
000000000000000000000000000000000000000000000000000000110000000000011000
000000000000000000000000000000000000000000010100001000000000000000000000
000000000000000000000000000000000000001100000000000110010000000000000000
000000000000000000000000000111000010000000000000000000000000000000000000
000000000000000000000011000000000001101000000000000000000000000000000000
000000000000000000000000000000000000000000000000000000000000000000000000
000000110000000000011011000000000000000100000000000000000000000000000000
000000000000000000000000000000000000000000000000000000000000010000000000
111100011111111100001100000000000000000000000000111101000001111000000000
000000000000000000000000000000000000000000000001000000000001010100000000
000110010000000000000000000000000111000000000100000000000000000000000000
000000000000000000000000000000100000000000001110000000000001101100000000
000000000000000010110000000001000000000000000000000000000000000000000000
000000000000001000000000000011100000000000101110000000000000000000000000
000000000000010100000000000000000000000000000000000000000000000000000010
000000000000111000000000010001000000000000000000000000000001110000100000
000000000000000000000001000000000000000000000000000000010000000000011010
000000000101001100000000000000000000000011110000000111100000000000000000
000000000000000000000000000000000000000100000000000101000000000001111010
000000000000000000000000010100000000010100000000000000000000000000000000
000000000000000000000010000000000000111000000000100001100000000000000000
000000001110110000011110000000000000000000000000000000000000000000000000
000000010000000000010011000000001010010100000000000000000000000000000000
000000000000000000000000000000000000000000000000000000000000010000000000
111100011111111100000001000000000000000000000000000000000000000000000000
000000000000000000000000000000000000000000000100000000001111000111111111
101011100000000000000000000000001010110000000111000000000000000000000000
000000000000000000000000000000010000000000010010000000001011110000000000
000000000000000011110100000111100000000000000000000000000000000000000000
000000000000000100000000000101010000000000000000000000000000000000000000
000000000000000000000000000000000000000000000000000000000000000000000100
000000001111000111111111110010000000000000000000000000001111000000011110
000000000000000000000000000000000000000000000000000000000000000000010011
000000001101100100000000000000000000000011111000000111100000000000000000
000000000000000000000000000000000000000100000000000101100000000011100010
000000000000000000000000111011000001111000000000000000000000000000000000
000000000000000000000000000000000001001100000000111101010000000000000000
000000000111100000000110000000000000000000000000000000000000000000000000
000000000000000000010001000000000000100000000001000000000000000000000000
001000000000000000000000000000000000000000000000000000000000000100000000
000110000000000000011110000000010000000000000000001100000000011000000000
000000000000001000000000000000000000000000010010000000000000111000000000
001011100000000100000000000000000000000000000000000000000000000000000000
000000000000000000000000001000000000000000000000000000000100101000000001
000000000000000001100000000001000000000000000000000001000000000000000000
000000000001001000000010000011100000000010011011000000010000000000000000
000101000010000000000000000000000000000000000000000000000000000000100000
000000000001100100000000011000000000000100000000000000000001110000100000
000000000000000000000000000000000000000000000000000100000000000000011001
000000000010100000000001000000000000000000110100000001100000000000000000
000000000000000000000000000000000001001000000000000011110000000001100111
000000010000000000000000100011000000010100000000000000000000000000000000
000000000000000000010010000000100000111000000000011111010000000100000000
000000000000000000000000000000000000000000000000000000000000000000000000
001000100000000000000000000000001001100100000001000000000000000000010100
001000000000000000000000000000000000000000000000000000000001000000000000
000110010000000010100110000000010000000000000000000000000000000000000000
000000000000000000000000000000000000000000010010000000000000000000000000
101101100000000100000000000000000000000000000000000000000000000000000000
000000000000000000000000001000000000000000000000000000001100010100000001
000000000000000000011000001000000000000000000000000000000000000000000000
000000000001000100000010000110010000000011010010000000010000000000000000
010011000000011000000000000000000000010000000000000000000000000000010001
000000000001000000000000111000010000000100000000000000000000000000000000
000000000000000000000000000000000000000000000000000100100000000000000000
000000001111111000000001000000000000000011010000000001010000000000000000
010111010000000000000000000000000001001000000000000011100000000011010100
000000000000000000000000001000000010000000000000000000000000000000000000
000000000000000000010000000000000001101000000000100111110000000100000000
000000000010000000000100000000000000000000000000000000000000000000000000
000100100000000000001110000000000000111000000010000000000000000001001000
000001100000000000000000000001000000000000000000000000000001000100000000
000100000000000000010101000000100000000000000000000111000010000000000000
000000000000000000000000000000000000000000010000000000000001101000000000
001000010000001000000000000000001001000000000101000000000000000000111100
000000000000000000000000000100100000000000001110000000000010011000000010
000000000000000011001100000001010000000000000000000000000000000000000000
000000000001001000000010000011100000000000111100000000100000000000000000
000000000000000000000000000000000000000000000000000000000000000000100000
000000000000000000000000010100000000001000000000000000000001110000100000
000000000000000000000000000000000000000000000000000100010000001000011001
000000000101110000000010000000000000000000000000000000000000000000000000
000000000000000000000000000000000010000000000000000000000000000000001000
000000100000000000000000101111000000001100000000000000000000000000000000
000000000000000000010010000000000000101100000000000000000110001101110010
011101000111001101110100011101010110011001100110001011100110001100000000
010111110101111101001010010000110101001001011111010011000100100101010011
010101000101111101011111000000000110010001100101011100100110010101100111
011010010111001101110100011001010111001001011111011101000110110101011111
011000110110110001101111011011100110010101110011000000000101111101011111
011001000110111101011111011001110110110001101111011000100110000101101100
010111110110010001110100011011110111001001110011010111110110000101110101
011110000000000001100011011011110110110101110000011011000110010101110100
011001010110010000101110001101100011010100110111001110000000000001011111
010111110110010001101111010111110110011101101100011011110110001001100001
011011000101111101100100011101000110111101110010011100110101111101100001
011101010111100001011111011001100110100101101110011010010101111101100001
011100100111001001100001011110010101111101100101011011100111010001110010
011110010000000001100110011100100110000101101101011001010101111101100100
011101010110110101101101011110010000000001011111010111110110011001110010
011000010110110101100101010111110110010001110101011011010110110101111001
010111110110100101101110011010010111010001011111011000010111001001110010
011000010111100101011111011001010110111001110100011100100111100100000000
011100110110111101110101011100100110001101100101001011100110001100000000
010111110101111101000110010100100100000101001101010001010101111101000101
010011100100010001011111010111110000000001011111010111110100101001000011
010100100101111101000101010011100100010001011111010111110000000001011111
010111110110100101101110011010010111010001011111011000010111001001110010
011000010111100101011111011001010110111001100100000000000101111101000100
010110010100111001000001010011010100100101000011000000000101111101011111
011010010110111001101001011101000101111101100001011100100111001001100001
011110010101111101110011011101000110000101110010011101000000000001011111
010111110100011101001110010101010101111101000101010010000101111101000110
010100100100000101001101010001010101111101001000010001000101001000000000
010111110100011101001100010011110100001001000001010011000101111101001111
010001100100011001010011010001010101010001011111010101000100000101000010
010011000100010101011111000000000101111101011111011011000110100101100010
011000110101111101100011011100110111010101011111011001100110100101101110
011010010000000001011111010010010101010001001101010111110110010001100101
011100100110010101100111011010010111001101110100011001010111001001010100
010011010100001101101100011011110110111001100101010101000110000101100010
011011000110010100000000010111110101111101111000001110000011011000101110
011001110110010101110100010111110111000001100011010111110111010001101000
011101010110111001101011001011100110001001111000000000000101111101100101
011001000110000101110100011000010000000001011111010111110111100000111000
001101100010111001100111011001010111010001011111011100000110001101011111
011101000110100001110101011011100110101100101110011001000111100000000000
010111110101111101100011011110000110000101011111011001100110100101101110
011000010110110001101001011110100110010101000000010000000100011101001100
010010010100001001000011010111110011001000101110001100010010111000110011
000000000101111101011111011001000110000101110100011000010101111101110011
011101000110000101110010011101000000000001110000011101010111010001110011
010000000100000001000111010011000100100101000010010000110101111100110010
001011100011000000000000010111110101111101100111011011010110111101101110
010111110111001101110100011000010111001001110100010111110101111100000000
010111110101111101100100011100110110111101011111011010000110000101101110
011001000110110001100101000000000101111101001001010011110101111101110011
011101000110010001101001011011100101111101110101011100110110010101100100
000000000101111101011111011011000110100101100010011000110101111101110011
011101000110000101110010011101000101111101101101011000010110100101101110
010000000100000001000111010011000100100101000010010000110101111100110010
001011100011000000000000010111110101111101101100011010010110001001100011
010111110110001101110011011101010101111101101001011011100110100101110100
000000000101111101100110011100000101111101101000011101110000000001011111
010111110110001001110011011100110101111101110011011101000110000101110010
011101000000000001101101011000010110100101101110000000000101111101011111
011110000011100000110110001011100110011101100101011101000101111101110000
011000110101111101110100011010000111010101101110011010110010111001100001
011110000000000001011111010010100111011001011111010100100110010101100111
011010010111001101110100011001010111001001000011011011000110000101110011
011100110110010101110011000000000101111101011111010101000100110101000011
010111110100010101001110010001000101111101011111000000000101111101001001
010101000100110101011111011100100110010101100111011010010111001101110100
011001010111001001010100010011010100001101101100011011110110111001100101
010101000110000101100010011011000110010100000000000000000010111001110011
011110010110110101110100011000010110001000000000001011100111001101110100
011100100111010001100001011000100000000000101110011100110110100001110011
011101000111001001110100011000010110001000000000001011100110100101101110
011101000110010101110010011100000000000000101110011011100110111101110100
011001010010111001000001010000100100100100101101011101000110000101100111
000000000010111001101110011011110111010001100101001011100110011101101110
011101010010111001100010011101010110100101101100011001000010110101101001
011001000000000000101110011001110110111001110101001011100110100001100001
011100110110100000000000001011100110010001111001011011100111001101111001
011011010000000000101110011001000111100101101110011100110111010001110010
000000000010111001100111011011100111010100101110011101100110010101110010
011100110110100101101111011011100000000000101110011001110110111001110101
001011100111011001100101011100100111001101101001011011110110111001011111
011100100000000000101110011100100110010101101100001011100110010001111001
011011100000000000101110011100100110010101101100001011100111000001101100
011101000000000000101110011010010110111001101001011101000000000000101110
011100000110110001110100001011100110011101101111011101000000000000101110
011101000110010101111000011101000000000000101110011001100110100101101110
011010010000000000101110011100100110111101100100011000010111010001100001
000000000010111001100101011010000101111101100110011100100110000101101101
011001010101111101101000011001000111001000000000001011100110010101101000
010111110110011001110010011000010110110101100101000000000010111001101001
011011100110100101110100010111110110000101110010011100100110000101111001
000000000010111001100110011010010110111001101001010111110110000101110010
011100100110000101111001000000000010111001101010011000110111001000000000
001011100110010001111001011011100110000101101101011010010110001100000000
001011100110011101101111011101000010111001110000011011000111010000000000
001011100110010001100001011101000110000100000000001011100110001001110011
011100110000000000101110011000110110111101101101011011010110010101101110
011101000000000000000000000000000000000000000000000000000000000000000000
000000000000000000000000000000000000000000000000000000000000000000000000
000000000000000000000000000000000000000000000000000000000000000000000000
000000000000000000000000000000000000000000000000000000000000000000000000
000000000000000000000000000000000000000000000000000110110000000000000000
000000000000000100000000000000000000000000000010000000000000000000000000
010101000000000100000000000000000101010000000001000000000000000000010011
000000000000000000000000000000000000000000000000000000000000000000000000
000000000000000000000001000000000000000000000000000000000000000000000000
000000000010001100000000000000000000000000000111000000000000000000000000
000000100000000000000000000000000110100000000001000000000000000001101000
000000010000000000000000001000000000000000000000000000000000000000000000
000000000000000000000000000000000000000000000000000001000000000000000000
000000000000000000000000000000000000000000110001000000000000000000000000
000001110000000000000000000000000000001000000000000000000000000010001000
000000010000000000000000100010000000000100000000000000000010010000000000
000000000000000000000000000000000000000000000000000000000000000000000000
000000000000010000000000000000000000000000000000000000000000000000000000
010001000000000000000000000000001111011011111111111111110110111100000010
000000000000000000000000101011000000000100000000000000001010110000000001
000000000000000000100100000000000000000000000000000001010000000000000000
000000000000000000000000000000000000000000000100000000000000000000000000
000001000000000000000000000000000100111000000000000000000000000000001011
000000000000000000000000000000100000000000000000000000001101000000000001
000000000000000011010000000000010000000000000000101000000000000000000000
000000000000011000000000000000000000000000000001000000000000000000000000
000001000000000000000000000000000001000000000000000000000000000001010110
000000000000000000000000000000110000000000000000000000000000001000000000
000000000000000001110000000000100000000000000000011100000000001000000000
000000001010111100000000000000000000000000000000000000000000000000000000
000000000000000000000000000000000000000100000000000000000000000000000000
000000000000000000000000010111100000000000000000000000001111111111111111
111111110110111100000010000000000000000000000000001000000000001100000000
000000000010000000000011000000000000000000010100000000000000000000000000
000001010000000000000000000000000000000000000000000000000000000000000010
000000000000000000000000000000100000000000000000000000000110101100000000
000000000000000011111110111111111111111101101111000000100000000000000000
000000000011010000000011000000000000000000110100000000110000000000000000
001100000000000000000000000000000000011000000000000000000000000000000001
000000000000000000000000000001000000000000000000000000000000000000000000
000000000000000001111010000000000000000000000000000010010000000000000000
000000000000001000000000000000000000000001100100000000110000000000000000
011001000000001100000000000000000100100000000000000000000000000000000101
000000000000000000000000000000000000000000000000000000000000010000000000
000000000000000000001000000000000000000000000000100000110000000000000000
000000000000100100000000000000000000000001000010000000000000000000000000
101011000000001100000000000000001010110000000011000000000000000000010000
000000000000000000000000000001010000000000000000000000000001100000000000
000000000000000000000100000000000000000000000000000010000000000000000000
000000001000110000000000000000000000000000000001000000000000000000000000
000001100000000000000000000000001011110000000011000000000000000010111100
000000110000000000000000001000110000000000000000000000000000000000000000
000000000000000000000000000000000000000000000000000001000000000000000000
000000000000000000000000000000000000000010000111000000000000000000000000
000000010000000000000000000000000000011000000000000000000000000011100000
000000110000000000000000111000000000001100000000000000000011000000000000
000000000000000000000000000000000000000000000000000000000000000000000000
000000000001000000000000000000000000000000000100000000000000000000000000
100100100000000000000000000000000000000100000000000000000000000000000110
000000000000000000000000000100000000010000000000000000000001000000000100
000000000000000000010000000000000000000000000000000000000000000000000000
000000000000000000000000000000000000000000001000000000000000000000000000
000000000000000000000000000000001001101100000000000000000000000000000001
000000000000000000000000000001100000000000000000000000000010000000000100
000000000000000000100000000001000000000000000000000100100000001000000000
000000000000000000000000000000000000000000000000000000000000000000000000
000100000000000000000000000000000000000000000000000000000000000010100001
000000000000000000000000000000010000000000000000000000000000011000000000
000000000000000000110100000001100000000000000000001101000000011000000000
000000000001010000000000000000000000000000000000000000000000000000000000
000000000000000000000000000000000000010000000000000000000000000000000000
000000000000000000000000101001110000000000000000000000000000000100000000
000000000000000000000010000000000000000000000000010010000000011000000000
000000000100100000000110000000000000000000101110000000000000000000000000
000000000000000000000000000000000000000000000000000000000000000000000100
000000000000000000000000000000000000000000000000000000001010111100000000
000000000000000000000001000000000000000000000000000000100000000000000000
000000000111100000000110000000000000000001111000000001100000000000000000
001111000000000000000000000000000000000000000000000000000000000000000000
000000000000000000000000000001000000000000000000000000000000000000000000
000000000000000010111101000000000000000000000000000000010000000000000000
000000000000001000000000000000000000000010110100000001100000000000000000
101101000000011000000000000000001111110000000000000000000000000000000000
000000000000000000000000000000000000000000000000000000000000010000000000
000000000000000000000000000000000000000000000000110001110000000000000000
000000000000111000000000000000000000000000000011000000000000000000000000
111011000001111000000000000000001110110000001110000000000000000000000100
000000000000000000000000000000000000000000000000000000000000000000000000
000000000000000000000100000000000000000000000000000001000000000000000000
000000001101001100000000000000000000000000001111000000000000000000000000
000000110000000000000000000000001111000000011110000000000000000011110000
000011100000000000000000000001000000000000000000000000000000000000000000
000000000000000000000000000000000000000000000000000001000000000000000000
000000000000010000000000000000000000000011011111000000000000000000000000
000000010000000000000000000000000000001100000000000000000000000011110100
000111100000000000000000111101000000111000000000000000000000010000000000
000000000000000000000000000000000000000000000000000000000000000000000000
000000000000010000000000000000000000000000000000000000000000000000000000
111001000000000000000000000000000000011000000000000000000000000000000011
000000000000000000000000111110000001111000000000000000001111100000001110
000000000000000011110000000000000000000000000000000001100000000000000000
000000000000000000000000000000000000000000000100000000000000000000000000
000010000000000000000000000000001001011000000000000000000000000000000001
000000000000000000000000000000110000000000000000000000001110100000011111
000000000000000011101000000011110000000000000000000110000000000000000000
000000000000000000000000000000000000000000000000000000000000000000000000
000001000000000000000000000000000000010000000000000000000000000011101101
000000000000000000000000000000010000000000000000000000000000001100000000
000000000000000000000000001000000000000000000000000000000001000000000000
000000000001010000000000000000000000000000000000000000000000000000000000
000000000000000000000000000000000000010000000000000000000000000000000100
000000000000000000000000111101100000000000000000000000000000000100000000
000000000000000000000011000000000000000000000000000101000010000000000000
000000000001010000010000000000000000000000001000000000000000000000000000
000000000000000000000000000000000000000000000000000000000000000000000100
000000000000000000000000000000000000000000000000000000001111110000000000
000000000000000000001000000000000000000000000000000000110000000000000000
000000000001110000100000000000000000000000011100000100000000000000000000
000001000000000000000000000000000000000000000000000000000000000000000000
000000000000000000000000000000010000000000000000000000000000000000000000
000000000000000000000001000000010000000000000000000000010000000000000000
000000000011000000000000000000000000000000000000000000000000000000000000
000111000001000000000000000000000010011000000000000000000000000000000000
000000000000000000000000000000000000000000000000000000000000000100000000
000000000000000000000001000000000000000000000000000000010000000000000000
000000000000001000000000000000000000000000000000000000000000000000000000
000000000000000000000000000000000100010000010000000000000000000010000000
000001000000000000000000000111010000000000000000000000000010111100000000
000000000000000000000100000000000000000000000000000100000000000000000000
000000000000100100000000000000000000000000000011000000000000000000000000
000000000000000000000000000000000000000000000000000000000000000011000100
000101000000000000000000011101100000001000000000000000000000000000000000
000000000000000000000000000000000000000000000000000000010000000000000000
000000000000000000000000000000000000000000010001000000000000000000000000
000000110000000000000000000000000000000000000000000000000000000000000000
000000000000000000000000001110100001011100000000000000000000101000000001
000000000000000000000000000000000000000000000000000000000000000000000000
000000000000000100000000000000000000000000000000000000000000000000000000

